100001
100011
100021
101021
101031
101041
101051
101061
101071
101081
101091
101101
101111
101121
101131
101141
101151
101161
101171
101241
101251
101261
101271
101291
101301
101311
101331
101341
101351
101361
101371
101381
101391
101401
101411
101421
101431
101441
101451
101461
101471
101481
101491
101501
101511
101521
101531
101551
102011
102021
102031
102041
102051
102061
102071
102081
102091
102101
102111
102121
102131
102141
102151
102161
102181
102191
102201
102211
102221
102231
102241
102251
102261
102271
102291
102311
102321
102331
102341
102351
103011
103021
103031
103041
103051
103061
103071
103081
103091
103101
103111
103121
103131
103141
103161
103241
103251
103261
103271
103281
103291
104011
105011
105021
105031
105041
105071
105081
105091
105101
105111
105121
105131
105141
105151
105171
105191
105201
106011
106021
106551
107011
107021
107031
107041
107051
107061
107071
107081
107091
107101
107111
107121
107131
107141
107161
107171
107221
107231
107251
107271
107291
107301
107381
107991
108011
108021
108031
108041
108051
108061
108071
108081
108091
112011
118021
199011
199021
199031
199041
199051
199061
201011
201021
201031
201061
201071
201081
201091
201101
201111
201121
201131
201141
201151
201161
201201
201211
201221
201231
201241
201251
201261
201271
201291
201321
201331
201341
201351
201361
201371
201381
201391
202011
202021
202031
202041
202071
202081
202091
202101
202111
202121
202131
202141
202151
202161
202171
202181
202191
202201
202211
202221
202231
202241
202251
202261
202271
202281
202291
202301
202311
202321
202331
202341
202351
202361
202371
203011
203021
203031
203041
203051
203061
203071
203081
203091
203101
203131
203141
204011
204021
204031
204041
205011
205021
205031
205041
205051
205061
205071
205091
205101
205111
205131
205141
205161
206011
206021
206031
206041
206051
206061
206071
206081
207011
207021
207031
207041
207051
207061
207071
207091
207111
207121
207131
207141
213011
213021
213041
299011
299021
299031
299041
299051
299061
301011
301021
301041
301051
301091
301101
301111
301121
301131
301141
301151
301161
301171
301181
301201
301211
301231
301241
301251
301261
301271
301281
301291
301301
301311
301321
301331
301351
301371
301381
301391
301411
301471
301481
301491
301541
301561
301571
301581
301591
301601
301611
301621
301631
301641
301651
301661
301721
301791
301801
301811
301821
301831
301841
301851
301861
301881
301891
301901
301911
301921
301941
302011
302041
302051
302061
302071
302081
302091
302101
302111
302121
302131
302141
302201
302211
302231
302241
302251
302261
302271
302281
302291
303011
303021
303031
303041
303061
303071
303081
303091
303101
303111
303121
303131
303141
303171
303181
303191
303201
303211
304011
304021
304031
304041
304051
304061
304071
304081
305011
305021
305031
305041
305051
305061
305071
305081
305101
305111
305121
305131
305141
305161
305171
306011
306021
306031
306041
306051
306061
306071
306081
306091
307011
307021
307031
307041
307051
307061
307071
307081
307091
307101
307111
307121
307131
307141
307151
307161
307171
308011
308021
308031
308041
308051
308061
312011
317011
317021
319011
399011
399021
399031
399041
399051
399061
399071
399081
401011
401021
401091
401111
401131
401141
401151
401161
401181
401191
401201
401211
401231
401241
401251
401261
401281
401351
401361
401431
401461
401471
401521
401991
402011
402021
402031
402041
402051
402061
402071
402081
402101
402111
403011
403021
403031
403041
403051
403071
403081
403091
403101
403111
403121
403131
403141
403151
403161
403171
404011
404021
404031
404041
404051
404061
404071
405011
405021
405031
405041
405051
405061
405071
406011
406021
406031
407011
407021
407031
407041
408011
408021
408031
408041
408051
408061
408071
408081
408091
408101
408111
408121
408131
408141
408151
499011
499021
499031
499041
499051
499061
499071
499081
499091
499101
499111
501011
501021
501031
501041
501051
501061
501071
501081
501091
502011
502021
502031
502041
502051
502071
502081
502091
502101
502121
503011
503021
504011
506011
506021
519011
599011
601021
601031
601041
601051
601061
601071
601081
601091
601101
601111
601121
602011
602021
602031
602041
603011
603021
603031
603041
603051
603061
605011
605021
605031
605051
605061
605071
605081
605091
607011
607021
608011
608021
608031
699011
699021
699031
701021
701031
701041
701051
701061
701071
701081
701091
701101
701111
701121
701131
702011
702021
702031
702041
702051
702061
702071
702081
702091
702101
703011
703021
703031
705011
705021
705041
705051
705061
705071
705081
705091
707011
718011
799011
799021
799031
801011
801021
801031
801041
801051
801061
801071
801081
801091
802011
802021
802031
802041
803011
803021
803031
804011
805011
805021
805031
806011
806021
807011
807021
808011
818011
899011
899021
899031
899041
899051
901011
901021
901031
901041
901051
901061
901071
901111
901121
901131
901141
902011
902021
903011
903021
903031
904011
904021
905011
905021
905031
907011
999011
999021
1101011
1102011
1199011
1299011
9600011
9600021
9600031
9600041
9600051
9600061
9600071
9600081
9600091
9600101
9600111
9600121
9600131
9600141
9600151
9600161
9701011
9701021
9701031
9701041
9701051
9701061
9701071
9701081
9701091
9701101
9701111
9701121
9702011
9702021
9702031
9702041
9702051
9702061
9702071
9702081
9702091
9702101
9702111
9702121
9702131
9703011
9703021
9703031
9703041
9703051
9703061
9704011
9704021
9704031
9704041
9704051
9704061
9705011
9705021
9705031
9705041
9705051
9705061
9705071
9705081
9705091
9705101
9706011
9706021
9706031
9706041
9706051
9707011
9707021
9707031
9707041
9707051
9707061
9707071
9707081
9708011
9712011
9713011
10100011
10100021
10100031
10100041
10100051
10100061
10100071
10100081
10200011
10200021
10300011
10300021
10300031
10300041
10300051
10300061
10400011
10400021
10400031
10400041
10500011
10500021
10500031
10500041
10500051
10500061
10500071
10600011
10600021
10600031
10600041
10600051
10600061
10600071
10600081
10600091
10600101
10600111
10600121
10600131
10600141
10600151
10700011
10700021
10700031
10700041
10700051
10700061
10700071
10800011
10800021
10800031
10800041
10800051
10800061
10800071
10800081
10800091
10900011
10900021
10900031
10900041
10900051
10900061
11000011
11000021
11000031
11000041
11000051
11000061
11000071
11100011
11100021
11100031
11100041
11100051
11100061
11200011
11200021
11300011
11300021
11300031
11300041
11400011
11400021
11500011
11500021
11500031
11500041
11500051
11500061
11700011
11700021
